{
 "cells": [
  {
   "cell_type": "markdown",
   "id": "42df8ac5",
   "metadata": {},
   "source": [
    "## Importing Libraries "
   ]
  },
  {
   "cell_type": "code",
   "execution_count": 1,
   "id": "2e943164",
   "metadata": {},
   "outputs": [],
   "source": [
    "import numpy as np\n",
    "import matplotlib.pyplot as plt\n",
    "import pandas as pd"
   ]
  },
  {
   "cell_type": "code",
   "execution_count": 2,
   "id": "18bec3ed",
   "metadata": {},
   "outputs": [],
   "source": [
    "from sklearn.model_selection import train_test_split \n",
    "from sklearn.ensemble import RandomForestRegressor\n",
    "from sklearn import metrics\n",
    "from sklearn.metrics import accuracy_score\n",
    "from sklearn.linear_model import LogisticRegression\n",
    "from sklearn.preprocessing import StandardScaler\n",
    "from sklearn.neighbors import KNeighborsClassifier\n",
    "from sklearn.svm import SVC\n",
    "from sklearn.metrics import accuracy_score, precision_score, recall_score, f1_score, \\\n",
    "    roc_auc_score, confusion_matrix, classification_report\n"
   ]
  },
  {
   "cell_type": "markdown",
   "id": "7b9c7d9f",
   "metadata": {},
   "source": [
    "## Importing Dataset"
   ]
  },
  {
   "cell_type": "code",
   "execution_count": 3,
   "id": "27e070c1",
   "metadata": {},
   "outputs": [],
   "source": [
    "data = pd.read_csv('cardio_Disease file.csv')\n"
   ]
  },
  {
   "cell_type": "code",
   "execution_count": 4,
   "id": "ee2d0340",
   "metadata": {},
   "outputs": [
    {
     "data": {
      "text/html": [
       "<div>\n",
       "<style scoped>\n",
       "    .dataframe tbody tr th:only-of-type {\n",
       "        vertical-align: middle;\n",
       "    }\n",
       "\n",
       "    .dataframe tbody tr th {\n",
       "        vertical-align: top;\n",
       "    }\n",
       "\n",
       "    .dataframe thead th {\n",
       "        text-align: right;\n",
       "    }\n",
       "</style>\n",
       "<table border=\"1\" class=\"dataframe\">\n",
       "  <thead>\n",
       "    <tr style=\"text-align: right;\">\n",
       "      <th></th>\n",
       "      <th>Unnamed: 0</th>\n",
       "      <th>id</th>\n",
       "      <th>age</th>\n",
       "      <th>gender</th>\n",
       "      <th>height</th>\n",
       "      <th>weight</th>\n",
       "      <th>ap_hi</th>\n",
       "      <th>ap_lo</th>\n",
       "      <th>cholesterol</th>\n",
       "      <th>gluc</th>\n",
       "      <th>smoke</th>\n",
       "      <th>alco</th>\n",
       "      <th>active</th>\n",
       "      <th>cardio</th>\n",
       "    </tr>\n",
       "  </thead>\n",
       "  <tbody>\n",
       "    <tr>\n",
       "      <th>0</th>\n",
       "      <td>0</td>\n",
       "      <td>0</td>\n",
       "      <td>18393</td>\n",
       "      <td>2</td>\n",
       "      <td>168</td>\n",
       "      <td>62.0</td>\n",
       "      <td>110</td>\n",
       "      <td>80</td>\n",
       "      <td>1</td>\n",
       "      <td>1</td>\n",
       "      <td>0</td>\n",
       "      <td>0</td>\n",
       "      <td>1</td>\n",
       "      <td>0</td>\n",
       "    </tr>\n",
       "    <tr>\n",
       "      <th>1</th>\n",
       "      <td>1</td>\n",
       "      <td>1</td>\n",
       "      <td>20228</td>\n",
       "      <td>1</td>\n",
       "      <td>156</td>\n",
       "      <td>85.0</td>\n",
       "      <td>140</td>\n",
       "      <td>90</td>\n",
       "      <td>3</td>\n",
       "      <td>1</td>\n",
       "      <td>0</td>\n",
       "      <td>0</td>\n",
       "      <td>1</td>\n",
       "      <td>1</td>\n",
       "    </tr>\n",
       "    <tr>\n",
       "      <th>2</th>\n",
       "      <td>2</td>\n",
       "      <td>2</td>\n",
       "      <td>18857</td>\n",
       "      <td>1</td>\n",
       "      <td>165</td>\n",
       "      <td>64.0</td>\n",
       "      <td>130</td>\n",
       "      <td>70</td>\n",
       "      <td>3</td>\n",
       "      <td>1</td>\n",
       "      <td>0</td>\n",
       "      <td>0</td>\n",
       "      <td>0</td>\n",
       "      <td>1</td>\n",
       "    </tr>\n",
       "    <tr>\n",
       "      <th>3</th>\n",
       "      <td>3</td>\n",
       "      <td>3</td>\n",
       "      <td>17623</td>\n",
       "      <td>2</td>\n",
       "      <td>169</td>\n",
       "      <td>82.0</td>\n",
       "      <td>150</td>\n",
       "      <td>100</td>\n",
       "      <td>1</td>\n",
       "      <td>1</td>\n",
       "      <td>0</td>\n",
       "      <td>0</td>\n",
       "      <td>1</td>\n",
       "      <td>1</td>\n",
       "    </tr>\n",
       "    <tr>\n",
       "      <th>4</th>\n",
       "      <td>5</td>\n",
       "      <td>8</td>\n",
       "      <td>21914</td>\n",
       "      <td>1</td>\n",
       "      <td>151</td>\n",
       "      <td>67.0</td>\n",
       "      <td>120</td>\n",
       "      <td>80</td>\n",
       "      <td>2</td>\n",
       "      <td>2</td>\n",
       "      <td>0</td>\n",
       "      <td>0</td>\n",
       "      <td>0</td>\n",
       "      <td>0</td>\n",
       "    </tr>\n",
       "  </tbody>\n",
       "</table>\n",
       "</div>"
      ],
      "text/plain": [
       "   Unnamed: 0  id    age  gender  height  weight  ap_hi  ap_lo  cholesterol  \\\n",
       "0           0   0  18393       2     168    62.0    110     80            1   \n",
       "1           1   1  20228       1     156    85.0    140     90            3   \n",
       "2           2   2  18857       1     165    64.0    130     70            3   \n",
       "3           3   3  17623       2     169    82.0    150    100            1   \n",
       "4           5   8  21914       1     151    67.0    120     80            2   \n",
       "\n",
       "   gluc  smoke  alco  active  cardio  \n",
       "0     1      0     0       1       0  \n",
       "1     1      0     0       1       1  \n",
       "2     1      0     0       0       1  \n",
       "3     1      0     0       1       1  \n",
       "4     2      0     0       0       0  "
      ]
     },
     "execution_count": 4,
     "metadata": {},
     "output_type": "execute_result"
    }
   ],
   "source": [
    "data.head()"
   ]
  },
  {
   "cell_type": "markdown",
   "id": "28e716a2",
   "metadata": {},
   "source": [
    "### Data Wrangling "
   ]
  },
  {
   "cell_type": "code",
   "execution_count": 5,
   "id": "5968adf8",
   "metadata": {},
   "outputs": [
    {
     "name": "stdout",
     "output_type": "stream",
     "text": [
      "<class 'pandas.core.frame.DataFrame'>\n",
      "RangeIndex: 62505 entries, 0 to 62504\n",
      "Data columns (total 14 columns):\n",
      " #   Column       Non-Null Count  Dtype  \n",
      "---  ------       --------------  -----  \n",
      " 0   Unnamed: 0   62505 non-null  int64  \n",
      " 1   id           62505 non-null  int64  \n",
      " 2   age          62505 non-null  int64  \n",
      " 3   gender       62505 non-null  int64  \n",
      " 4   height       62505 non-null  int64  \n",
      " 5   weight       62505 non-null  float64\n",
      " 6   ap_hi        62505 non-null  int64  \n",
      " 7   ap_lo        62505 non-null  int64  \n",
      " 8   cholesterol  62505 non-null  int64  \n",
      " 9   gluc         62505 non-null  int64  \n",
      " 10  smoke        62505 non-null  int64  \n",
      " 11  alco         62505 non-null  int64  \n",
      " 12  active       62505 non-null  int64  \n",
      " 13  cardio       62505 non-null  int64  \n",
      "dtypes: float64(1), int64(13)\n",
      "memory usage: 6.7 MB\n"
     ]
    }
   ],
   "source": [
    "data.info()"
   ]
  },
  {
   "cell_type": "code",
   "execution_count": 6,
   "id": "e37335b8",
   "metadata": {},
   "outputs": [
    {
     "data": {
      "text/html": [
       "<div>\n",
       "<style scoped>\n",
       "    .dataframe tbody tr th:only-of-type {\n",
       "        vertical-align: middle;\n",
       "    }\n",
       "\n",
       "    .dataframe tbody tr th {\n",
       "        vertical-align: top;\n",
       "    }\n",
       "\n",
       "    .dataframe thead th {\n",
       "        text-align: right;\n",
       "    }\n",
       "</style>\n",
       "<table border=\"1\" class=\"dataframe\">\n",
       "  <thead>\n",
       "    <tr style=\"text-align: right;\">\n",
       "      <th></th>\n",
       "      <th>Unnamed: 0</th>\n",
       "      <th>id</th>\n",
       "      <th>age</th>\n",
       "      <th>gender</th>\n",
       "      <th>height</th>\n",
       "      <th>weight</th>\n",
       "      <th>ap_hi</th>\n",
       "      <th>ap_lo</th>\n",
       "      <th>cholesterol</th>\n",
       "      <th>gluc</th>\n",
       "      <th>smoke</th>\n",
       "      <th>alco</th>\n",
       "      <th>active</th>\n",
       "      <th>cardio</th>\n",
       "    </tr>\n",
       "  </thead>\n",
       "  <tbody>\n",
       "    <tr>\n",
       "      <th>count</th>\n",
       "      <td>62505.000000</td>\n",
       "      <td>62505.000000</td>\n",
       "      <td>62505.000000</td>\n",
       "      <td>62505.000000</td>\n",
       "      <td>62505.000000</td>\n",
       "      <td>62505.000000</td>\n",
       "      <td>62505.000000</td>\n",
       "      <td>62505.000000</td>\n",
       "      <td>62505.000000</td>\n",
       "      <td>62505.000000</td>\n",
       "      <td>62505.000000</td>\n",
       "      <td>62505.000000</td>\n",
       "      <td>62505.000000</td>\n",
       "      <td>62505.000000</td>\n",
       "    </tr>\n",
       "    <tr>\n",
       "      <th>mean</th>\n",
       "      <td>34977.911111</td>\n",
       "      <td>49941.600336</td>\n",
       "      <td>19493.337909</td>\n",
       "      <td>1.348564</td>\n",
       "      <td>164.406144</td>\n",
       "      <td>73.180776</td>\n",
       "      <td>126.419870</td>\n",
       "      <td>81.698904</td>\n",
       "      <td>1.357699</td>\n",
       "      <td>1.220638</td>\n",
       "      <td>0.086345</td>\n",
       "      <td>0.052172</td>\n",
       "      <td>0.804320</td>\n",
       "      <td>0.493880</td>\n",
       "    </tr>\n",
       "    <tr>\n",
       "      <th>std</th>\n",
       "      <td>20216.617450</td>\n",
       "      <td>28864.503664</td>\n",
       "      <td>2458.750218</td>\n",
       "      <td>0.476519</td>\n",
       "      <td>7.531365</td>\n",
       "      <td>12.272097</td>\n",
       "      <td>14.289834</td>\n",
       "      <td>7.673364</td>\n",
       "      <td>0.675192</td>\n",
       "      <td>0.567590</td>\n",
       "      <td>0.280875</td>\n",
       "      <td>0.222375</td>\n",
       "      <td>0.396727</td>\n",
       "      <td>0.499967</td>\n",
       "    </tr>\n",
       "    <tr>\n",
       "      <th>min</th>\n",
       "      <td>0.000000</td>\n",
       "      <td>0.000000</td>\n",
       "      <td>10859.000000</td>\n",
       "      <td>1.000000</td>\n",
       "      <td>143.000000</td>\n",
       "      <td>40.000000</td>\n",
       "      <td>90.000000</td>\n",
       "      <td>65.000000</td>\n",
       "      <td>1.000000</td>\n",
       "      <td>1.000000</td>\n",
       "      <td>0.000000</td>\n",
       "      <td>0.000000</td>\n",
       "      <td>0.000000</td>\n",
       "      <td>0.000000</td>\n",
       "    </tr>\n",
       "    <tr>\n",
       "      <th>25%</th>\n",
       "      <td>17411.000000</td>\n",
       "      <td>24876.000000</td>\n",
       "      <td>17724.000000</td>\n",
       "      <td>1.000000</td>\n",
       "      <td>159.000000</td>\n",
       "      <td>65.000000</td>\n",
       "      <td>120.000000</td>\n",
       "      <td>80.000000</td>\n",
       "      <td>1.000000</td>\n",
       "      <td>1.000000</td>\n",
       "      <td>0.000000</td>\n",
       "      <td>0.000000</td>\n",
       "      <td>1.000000</td>\n",
       "      <td>0.000000</td>\n",
       "    </tr>\n",
       "    <tr>\n",
       "      <th>50%</th>\n",
       "      <td>34987.000000</td>\n",
       "      <td>49980.000000</td>\n",
       "      <td>19718.000000</td>\n",
       "      <td>1.000000</td>\n",
       "      <td>165.000000</td>\n",
       "      <td>72.000000</td>\n",
       "      <td>120.000000</td>\n",
       "      <td>80.000000</td>\n",
       "      <td>1.000000</td>\n",
       "      <td>1.000000</td>\n",
       "      <td>0.000000</td>\n",
       "      <td>0.000000</td>\n",
       "      <td>1.000000</td>\n",
       "      <td>0.000000</td>\n",
       "    </tr>\n",
       "    <tr>\n",
       "      <th>75%</th>\n",
       "      <td>52476.000000</td>\n",
       "      <td>74849.000000</td>\n",
       "      <td>21341.000000</td>\n",
       "      <td>2.000000</td>\n",
       "      <td>170.000000</td>\n",
       "      <td>81.000000</td>\n",
       "      <td>140.000000</td>\n",
       "      <td>90.000000</td>\n",
       "      <td>1.000000</td>\n",
       "      <td>1.000000</td>\n",
       "      <td>0.000000</td>\n",
       "      <td>0.000000</td>\n",
       "      <td>1.000000</td>\n",
       "      <td>1.000000</td>\n",
       "    </tr>\n",
       "    <tr>\n",
       "      <th>max</th>\n",
       "      <td>69999.000000</td>\n",
       "      <td>99999.000000</td>\n",
       "      <td>23713.000000</td>\n",
       "      <td>2.000000</td>\n",
       "      <td>186.000000</td>\n",
       "      <td>107.000000</td>\n",
       "      <td>170.000000</td>\n",
       "      <td>105.000000</td>\n",
       "      <td>3.000000</td>\n",
       "      <td>3.000000</td>\n",
       "      <td>1.000000</td>\n",
       "      <td>1.000000</td>\n",
       "      <td>1.000000</td>\n",
       "      <td>1.000000</td>\n",
       "    </tr>\n",
       "  </tbody>\n",
       "</table>\n",
       "</div>"
      ],
      "text/plain": [
       "         Unnamed: 0            id           age        gender        height  \\\n",
       "count  62505.000000  62505.000000  62505.000000  62505.000000  62505.000000   \n",
       "mean   34977.911111  49941.600336  19493.337909      1.348564    164.406144   \n",
       "std    20216.617450  28864.503664   2458.750218      0.476519      7.531365   \n",
       "min        0.000000      0.000000  10859.000000      1.000000    143.000000   \n",
       "25%    17411.000000  24876.000000  17724.000000      1.000000    159.000000   \n",
       "50%    34987.000000  49980.000000  19718.000000      1.000000    165.000000   \n",
       "75%    52476.000000  74849.000000  21341.000000      2.000000    170.000000   \n",
       "max    69999.000000  99999.000000  23713.000000      2.000000    186.000000   \n",
       "\n",
       "             weight         ap_hi         ap_lo   cholesterol          gluc  \\\n",
       "count  62505.000000  62505.000000  62505.000000  62505.000000  62505.000000   \n",
       "mean      73.180776    126.419870     81.698904      1.357699      1.220638   \n",
       "std       12.272097     14.289834      7.673364      0.675192      0.567590   \n",
       "min       40.000000     90.000000     65.000000      1.000000      1.000000   \n",
       "25%       65.000000    120.000000     80.000000      1.000000      1.000000   \n",
       "50%       72.000000    120.000000     80.000000      1.000000      1.000000   \n",
       "75%       81.000000    140.000000     90.000000      1.000000      1.000000   \n",
       "max      107.000000    170.000000    105.000000      3.000000      3.000000   \n",
       "\n",
       "              smoke          alco        active        cardio  \n",
       "count  62505.000000  62505.000000  62505.000000  62505.000000  \n",
       "mean       0.086345      0.052172      0.804320      0.493880  \n",
       "std        0.280875      0.222375      0.396727      0.499967  \n",
       "min        0.000000      0.000000      0.000000      0.000000  \n",
       "25%        0.000000      0.000000      1.000000      0.000000  \n",
       "50%        0.000000      0.000000      1.000000      0.000000  \n",
       "75%        0.000000      0.000000      1.000000      1.000000  \n",
       "max        1.000000      1.000000      1.000000      1.000000  "
      ]
     },
     "execution_count": 6,
     "metadata": {},
     "output_type": "execute_result"
    }
   ],
   "source": [
    "data.describe()"
   ]
  },
  {
   "cell_type": "code",
   "execution_count": 7,
   "id": "d3b1d139",
   "metadata": {},
   "outputs": [
    {
     "data": {
      "text/plain": [
       "Unnamed: 0       int64\n",
       "id               int64\n",
       "age              int64\n",
       "gender           int64\n",
       "height           int64\n",
       "weight         float64\n",
       "ap_hi            int64\n",
       "ap_lo            int64\n",
       "cholesterol      int64\n",
       "gluc             int64\n",
       "smoke            int64\n",
       "alco             int64\n",
       "active           int64\n",
       "cardio           int64\n",
       "dtype: object"
      ]
     },
     "execution_count": 7,
     "metadata": {},
     "output_type": "execute_result"
    }
   ],
   "source": [
    "data.dtypes"
   ]
  },
  {
   "cell_type": "code",
   "execution_count": 8,
   "id": "2287b064",
   "metadata": {},
   "outputs": [
    {
     "data": {
      "text/plain": [
       "0"
      ]
     },
     "execution_count": 8,
     "metadata": {},
     "output_type": "execute_result"
    }
   ],
   "source": [
    "data.duplicated().sum()"
   ]
  },
  {
   "cell_type": "code",
   "execution_count": 9,
   "id": "f3d40e81",
   "metadata": {},
   "outputs": [
    {
     "data": {
      "text/plain": [
       "(62505, 14)"
      ]
     },
     "execution_count": 9,
     "metadata": {},
     "output_type": "execute_result"
    }
   ],
   "source": [
    "data.shape"
   ]
  },
  {
   "cell_type": "code",
   "execution_count": 10,
   "id": "4c1032cb",
   "metadata": {},
   "outputs": [
    {
     "data": {
      "text/plain": [
       "Unnamed: 0     0\n",
       "id             0\n",
       "age            0\n",
       "gender         0\n",
       "height         0\n",
       "weight         0\n",
       "ap_hi          0\n",
       "ap_lo          0\n",
       "cholesterol    0\n",
       "gluc           0\n",
       "smoke          0\n",
       "alco           0\n",
       "active         0\n",
       "cardio         0\n",
       "dtype: int64"
      ]
     },
     "execution_count": 10,
     "metadata": {},
     "output_type": "execute_result"
    }
   ],
   "source": [
    "data.isnull().sum()"
   ]
  },
  {
   "cell_type": "code",
   "execution_count": 11,
   "id": "bcf5fd71",
   "metadata": {},
   "outputs": [
    {
     "data": {
      "text/plain": [
       "0"
      ]
     },
     "execution_count": 11,
     "metadata": {},
     "output_type": "execute_result"
    }
   ],
   "source": [
    "data.isnull().sum().sum()"
   ]
  },
  {
   "cell_type": "code",
   "execution_count": 12,
   "id": "e5ee73e4",
   "metadata": {},
   "outputs": [
    {
     "data": {
      "text/plain": [
       "Index(['Unnamed: 0', 'id', 'age', 'gender', 'height', 'weight', 'ap_hi',\n",
       "       'ap_lo', 'cholesterol', 'gluc', 'smoke', 'alco', 'active', 'cardio'],\n",
       "      dtype='object')"
      ]
     },
     "execution_count": 12,
     "metadata": {},
     "output_type": "execute_result"
    }
   ],
   "source": [
    "data.columns"
   ]
  },
  {
   "cell_type": "code",
   "execution_count": 13,
   "id": "b8a40821",
   "metadata": {},
   "outputs": [
    {
     "name": "stdout",
     "output_type": "stream",
     "text": [
      "Number of Rows : 62505\n",
      "Number of Columns : 14\n"
     ]
    }
   ],
   "source": [
    "shape=data.shape \n",
    "print('Number of Rows :',shape[0])\n",
    "print('Number of Columns :',shape[1])"
   ]
  },
  {
   "cell_type": "markdown",
   "id": "8e4a4f56",
   "metadata": {},
   "source": [
    "### Data Visualization"
   ]
  },
  {
   "cell_type": "code",
   "execution_count": 14,
   "id": "eacdaa5e",
   "metadata": {},
   "outputs": [],
   "source": [
    "import seaborn as sns\n",
    "sns.set(style='whitegrid', context='notebook')\n",
    "cols = ['height','weight','ap_lo','ap_hi','cholesterol','gluc','smoke','alco','active','age','cardio']"
   ]
  },
  {
   "cell_type": "code",
   "execution_count": 15,
   "id": "e82b6ce4",
   "metadata": {},
   "outputs": [
    {
     "data": {
      "text/plain": [
       "array([[ 1.        ,  0.30578309,  0.00662557, -0.01079634, -0.06819015,\n",
       "        -0.02839252,  0.19206002,  0.09408171, -0.00935694, -0.09414422,\n",
       "        -0.02759519],\n",
       "       [ 0.30578309,  1.        ,  0.21456918,  0.23316107,  0.12540939,\n",
       "         0.08678662,  0.06382901,  0.06367025, -0.01314225,  0.05773587,\n",
       "         0.16176683],\n",
       "       [ 0.00662557,  0.21456918,  1.        ,  0.7056368 ,  0.15580548,\n",
       "         0.06313677,  0.02019872,  0.0316805 ,  0.00138375,  0.14817638,\n",
       "         0.33629503],\n",
       "       [-0.01079634,  0.23316107,  0.7056368 ,  1.        ,  0.19254656,\n",
       "         0.08281908,  0.02000224,  0.02761969,  0.00272456,  0.20515027,\n",
       "         0.43223155],\n",
       "       [-0.06819015,  0.12540939,  0.15580548,  0.19254656,  1.        ,\n",
       "         0.45007852,  0.00544111,  0.03085254,  0.00967711,  0.15441733,\n",
       "         0.21824125],\n",
       "       [-0.02839252,  0.08678662,  0.06313677,  0.08281908,  0.45007852,\n",
       "         1.        , -0.01051584,  0.00475317, -0.00663414,  0.09649343,\n",
       "         0.08574635],\n",
       "       [ 0.19206002,  0.06382901,  0.02019872,  0.02000224,  0.00544111,\n",
       "        -0.01051584,  1.        ,  0.34181243,  0.02729225, -0.04771454,\n",
       "        -0.0221563 ],\n",
       "       [ 0.09408171,  0.06367025,  0.0316805 ,  0.02761969,  0.03085254,\n",
       "         0.00475317,  0.34181243,  1.        ,  0.02686021, -0.02822765,\n",
       "        -0.01230994],\n",
       "       [-0.00935694, -0.01314225,  0.00138375,  0.00272456,  0.00967711,\n",
       "        -0.00663414,  0.02729225,  0.02686021,  1.        , -0.01051151,\n",
       "        -0.03769641],\n",
       "       [-0.09414422,  0.05773587,  0.14817638,  0.20515027,  0.15441733,\n",
       "         0.09649343, -0.04771454, -0.02822765, -0.01051151,  1.        ,\n",
       "         0.23658067],\n",
       "       [-0.02759519,  0.16176683,  0.33629503,  0.43223155,  0.21824125,\n",
       "         0.08574635, -0.0221563 , -0.01230994, -0.03769641,  0.23658067,\n",
       "         1.        ]])"
      ]
     },
     "execution_count": 15,
     "metadata": {},
     "output_type": "execute_result"
    }
   ],
   "source": [
    "import numpy as np\n",
    "\n",
    "cm = np.corrcoef(data[cols].values.T)\n",
    "cm"
   ]
  },
  {
   "cell_type": "code",
   "execution_count": 16,
   "id": "28fa20c1",
   "metadata": {},
   "outputs": [
    {
     "data": {
      "text/plain": [
       "array([[ 1.        ,  0.30578309,  0.00662557, -0.01079634, -0.06819015,\n",
       "        -0.02839252,  0.19206002,  0.09408171, -0.00935694, -0.09414422,\n",
       "        -0.02759519],\n",
       "       [ 0.30578309,  1.        ,  0.21456918,  0.23316107,  0.12540939,\n",
       "         0.08678662,  0.06382901,  0.06367025, -0.01314225,  0.05773587,\n",
       "         0.16176683],\n",
       "       [ 0.00662557,  0.21456918,  1.        ,  0.7056368 ,  0.15580548,\n",
       "         0.06313677,  0.02019872,  0.0316805 ,  0.00138375,  0.14817638,\n",
       "         0.33629503],\n",
       "       [-0.01079634,  0.23316107,  0.7056368 ,  1.        ,  0.19254656,\n",
       "         0.08281908,  0.02000224,  0.02761969,  0.00272456,  0.20515027,\n",
       "         0.43223155],\n",
       "       [-0.06819015,  0.12540939,  0.15580548,  0.19254656,  1.        ,\n",
       "         0.45007852,  0.00544111,  0.03085254,  0.00967711,  0.15441733,\n",
       "         0.21824125],\n",
       "       [-0.02839252,  0.08678662,  0.06313677,  0.08281908,  0.45007852,\n",
       "         1.        , -0.01051584,  0.00475317, -0.00663414,  0.09649343,\n",
       "         0.08574635],\n",
       "       [ 0.19206002,  0.06382901,  0.02019872,  0.02000224,  0.00544111,\n",
       "        -0.01051584,  1.        ,  0.34181243,  0.02729225, -0.04771454,\n",
       "        -0.0221563 ],\n",
       "       [ 0.09408171,  0.06367025,  0.0316805 ,  0.02761969,  0.03085254,\n",
       "         0.00475317,  0.34181243,  1.        ,  0.02686021, -0.02822765,\n",
       "        -0.01230994],\n",
       "       [-0.00935694, -0.01314225,  0.00138375,  0.00272456,  0.00967711,\n",
       "        -0.00663414,  0.02729225,  0.02686021,  1.        , -0.01051151,\n",
       "        -0.03769641],\n",
       "       [-0.09414422,  0.05773587,  0.14817638,  0.20515027,  0.15441733,\n",
       "         0.09649343, -0.04771454, -0.02822765, -0.01051151,  1.        ,\n",
       "         0.23658067],\n",
       "       [-0.02759519,  0.16176683,  0.33629503,  0.43223155,  0.21824125,\n",
       "         0.08574635, -0.0221563 , -0.01230994, -0.03769641,  0.23658067,\n",
       "         1.        ]])"
      ]
     },
     "execution_count": 16,
     "metadata": {},
     "output_type": "execute_result"
    }
   ],
   "source": [
    "import numpy as np\n",
    "\n",
    "cm = np.corrcoef(data[cols].values.T)\n",
    "cm"
   ]
  },
  {
   "cell_type": "code",
   "execution_count": 17,
   "id": "ca12fe1b",
   "metadata": {},
   "outputs": [
    {
     "data": {
